00000000000000000000000000000000000
00000000000000000000000000000000000
00000000000000000000000000000000000
00000001110001110010001011111000000
00000010000010001011011010000000000
00000010011011111010101011111000000
00000010001010001010101010000000000
00000001110010001010101011111000000
00000000000000000000000000000000000
00000001110010001011111011110000000
00000010001010001010000010001000000
00000010001010001011111011110000000
00000010001001010010000010010000000
00000001110000100011111010001000000
00000000000000000000000000000000000
00000000000000000000000000000000000
00000000000000000000000000000000000