00000000000000000000000000000000000
00000000000000000000000000000000000
00000000000000000000000000000000000
00001110010001001110010001011111000
00010000011001010001010110010000000
00001110010101011111011000011111000
00000001010011010001010110010000000
00001110010001010001010001011111000
00000000000000000000000000000000000
00002200220002000200020000000200000
00002020202022202000200000002220000
00002200220020000200020000002000000
00002000202002202000200000000220000
00000000000000000000000000000000000
00000000000000000000000000000000000
00000000000000000000000000000000000
00000000000000000000000000000000000